相机标定分辨率: 320x240
每幅图像的标定误差: 
图像[100.jpg]的平均误差: 0.0410714像素
图像[101.jpg]的平均误差: 0.0402633像素
图像[114.jpg]的平均误差: 0.0420695像素
图像[115.jpg]的平均误差: 0.0434212像素
图像[116.jpg]的平均误差: 0.0424569像素
图像[117.jpg]的平均误差: 0.0469673像素
图像[118.jpg]的平均误差: 0.0390073像素
图像[126.jpg]的平均误差: 0.052161像素
图像[127.jpg]的平均误差: 0.0557904像素
图像[128.jpg]的平均误差: 0.0402663像素
图像[130.jpg]的平均误差: 0.0458806像素
图像[136.jpg]的平均误差: 0.0402529像素
图像[150.jpg]的平均误差: 0.0394724像素
图像[151.jpg]的平均误差: 0.0330919像素
图像[70.jpg]的平均误差: 0.0340761像素
图像[71.jpg]的平均误差: 0.0310631像素
图像[72.jpg]的平均误差: 0.0356888像素
图像[73.jpg]的平均误差: 0.0354313像素
图像[74.jpg]的平均误差: 0.0344335像素
图像[86.jpg]的平均误差: 0.0340882像素
图像[88.jpg]的平均误差: 0.0312869像素
图像[96.jpg]的平均误差: 0.0337639像素
图像[97.jpg]的平均误差: 0.0369539像素
总体平均误差: 0.0395199像素

相机内参数矩阵: 
[255.9392913159044, 0, 184.9795801531232;
 0, 256.4700260514134, 128.2293895540711;
 0, 0, 1]

畸变系数: 
[-0.4188770394737138, 0.5120257495070387, 0.003384016108313708, 8.670256048549739e-05, -0.7554147642166968]


图像[100.jpg]的旋转向量: 
[-0.7282207785835065;
 2.649745162523142;
 0.4649265829292338]
图像[100.jpg]的旋转矩阵: 
[-0.8055066382482223, -0.5392949095184079, 0.2456014175561285;
 -0.4234679212420797, 0.8137784304553878, 0.3980447032739876;
 -0.4145286183328714, 0.2166233290601391, -0.88387802206523]
图像[100.jpg]的平移向量: 
[139.2227488419814;
 -117.8741559602966;
 429.5785116873153]

图像[101.jpg]的旋转向量: 
[-0.3763360474275478;
 2.764465273123976;
 0.4506494711769979]
图像[101.jpg]的旋转矩阵: 
[-0.916061517848058, -0.3035616164131577, 0.2620718232823649;
 -0.2046140932520513, 0.9158109563180257, 0.3455768584996742;
 -0.3449121168653735, 0.2629460730425422, -0.9010521595950776]
图像[101.jpg]的平移向量: 
[124.7777622541605;
 -136.6467012829282;
 399.343483327519]

图像[114.jpg]的旋转向量: 
[-2.385233471414379;
 1.670895735791262;
 0.4754348058429457]
图像[114.jpg]的旋转矩阵: 
[0.3130907842950601, -0.9376847041790839, -0.1507367119784956;
 -0.8765785518839901, -0.3463949981929093, 0.3340966141760506;
 -0.3654917279042997, 0.02752999773915993, -0.9304073817731732]
图像[114.jpg]的平移向量: 
[40.98252403573321;
 66.50625219357714;
 394.8367940569757]

图像[115.jpg]的旋转向量: 
[-1.954145725940564;
 1.943388991920286;
 0.2279653628381509]
图像[115.jpg]的旋转矩阵: 
[0.03369829684133763, -0.9887472383783373, 0.1457508949859462;
 -0.9281763457644254, 0.02311725231659734, 0.3714219484746807;
 -0.3706117860422017, -0.1477988201730379, -0.9169527865719518]
图像[115.jpg]的平移向量: 
[64.64830250202891;
 42.38692697692894;
 415.6780044474132]

图像[116.jpg]的旋转向量: 
[-1.695195497542437;
 2.020828558507481;
 0.1431801146235944]
图像[116.jpg]的旋转矩阵: 
[-0.1043433364696236, -0.9477506789791651, 0.3014649542300376;
 -0.8957772101670717, 0.2212514662261401, 0.3855268841962665;
 -0.4320829294009255, -0.2298182742675504, -0.8720595753347359]
图像[116.jpg]的平移向量: 
[53.86673771829307;
 14.99231714668995;
 437.3865527648974]

图像[117.jpg]的旋转向量: 
[-1.3417469385462;
 2.158135715100659;
 0.0741954887998561]
图像[117.jpg]的旋转矩阵: 
[-0.3172025453483843, -0.8344201745840282, 0.4506944835159027;
 -0.8014973646626843, 0.4899071361636176, 0.342918317350845;
 -0.5069364059359699, -0.2524558776957325, -0.8241853615259124]
图像[117.jpg]的平移向量: 
[53.99767680405581;
 -39.80170199734354;
 456.5575419322241]

图像[118.jpg]的旋转向量: 
[-1.075800304710309;
 2.240931055031272;
 0.0037244138620344]
图像[118.jpg]的旋转矩阵: 
[-0.4568120051371815, -0.7002812055079728, 0.5485699820212988;
 -0.6984539019028506, 0.6642516764338028, 0.2663303536429255;
 -0.5508946713113414, -0.2614879415330332, -0.7925522806437353]
图像[118.jpg]的平移向量: 
[68.98164741927516;
 -78.26145329000281;
 463.4796506728373]

图像[126.jpg]的旋转向量: 
[-1.013186892607254;
 2.128558342305912;
 0.01709500485349402]
图像[126.jpg]的旋转矩阵: 
[-0.3925130889088388, -0.6679100632283684, 0.6323208224260203;
 -0.6576678964597013, 0.6844247744855962, 0.3146993263999972;
 -0.642966883285223, -0.2923335004897953, -0.7079086886667441]
图像[126.jpg]的平移向量: 
[95.09979710250359;
 -82.40453007430169;
 456.1686538537206]

图像[127.jpg]的旋转向量: 
[-2.048245727432319;
 1.822914189751221;
 0.4116472619367167]
图像[127.jpg]的旋转矩阵: 
[0.1219868988880217, -0.9922141425646627, 0.02510561280580715;
 -0.8851418750926781, -0.09730947620987196, 0.4550326656375104;
 -0.4490468321423742, -0.07773005296815282, -0.8901207678784191]
图像[127.jpg]的平移向量: 
[65.53234041277575;
 40.50867348094804;
 406.2988860990372]

图像[128.jpg]的旋转向量: 
[-2.438127411130789;
 1.326420875604966;
 0.704906038696391]
图像[128.jpg]的旋转矩阵: 
[0.4602925534878046, -0.841102768181833, -0.2840367908573352;
 -0.7060465190806284, -0.5407845108073612, 0.4572203251879456;
 -0.5381719781796558, -0.009911923511630004, -0.8427767650300378]
图像[128.jpg]的平移向量: 
[23.13519924027489;
 46.66755222723069;
 410.0864872667405]

图像[130.jpg]的旋转向量: 
[-2.170197233845423;
 1.856546520350056;
 0.3112366209362877]
图像[130.jpg]的旋转矩阵: 
[0.1566992289832484, -0.9875869404559677, 0.01083451322750215;
 -0.9300605248758921, -0.1438627260840155, 0.3380694249873186;
 -0.3323142664762324, -0.06305197129746826, -0.9410588064578466]
图像[130.jpg]的平移向量: 
[106.5374358800212;
 53.68840725681251;
 353.8723092226253]

图像[136.jpg]的旋转向量: 
[-2.012803011403791;
 1.797203623946744;
 0.5621653175645225]
图像[136.jpg]的旋转矩阵: 
[0.1007361943014392, -0.994029535598089, -0.04192256571716926;
 -0.8407357932339921, -0.107581051283228, 0.530650208122079;
 -0.5319920536369627, -0.01820988092885643, -0.8465535157942963]
图像[136.jpg]的平移向量: 
[79.48354523241949;
 -32.09351916384895;
 552.5538227250674]

图像[150.jpg]的旋转向量: 
[-0.3970772620614736;
 2.591695367588563;
 0.414812938755933]
图像[150.jpg]的旋转矩阵: 
[-0.8415710609940341, -0.3482367992093789, 0.4129034765823396;
 -0.2019676811087906, 0.9118531178246526, 0.3573974640382864;
 -0.5009662714044867, 0.2173822053201849, -0.8377217746514766]
图像[150.jpg]的平移向量: 
[80.19527076756297;
 -146.4027220103611;
 457.2555828683435]

图像[151.jpg]的旋转向量: 
[-0.1781931490999784;
 2.629553390796543;
 0.3961749221463225]
图像[151.jpg]的旋转矩阵: 
[-0.8802095345876746, -0.1927526038906495, 0.4336791543460715;
 -0.05641831431461558, 0.9498254811409454, 0.3076500108650562;
 -0.4712198521187818, 0.2463290260378308, -0.8469202216858487]
图像[151.jpg]的平移向量: 
[79.30322616121379;
 -166.0804533126755;
 445.6938584385746]

图像[70.jpg]的旋转向量: 
[-1.928118706665976;
 1.954465422344011;
 0.5163811493926237]
图像[70.jpg]的旋转矩阵: 
[-0.01588828110800655, -0.9998338746215643, -0.008932283171900448;
 -0.8737675762329822, 0.009540925969042102, 0.4862501346586887;
 -0.4860841339185765, 0.01553041824560133, -0.8737740101775424]
图像[70.jpg]的平移向量: 
[60.3707412393393;
 -41.12173846812105;
 440.1456734230288]

图像[71.jpg]的旋转向量: 
[-1.904060731498362;
 1.968025143103016;
 0.4568127178707215]
图像[71.jpg]的旋转矩阵: 
[-0.024246969078211, -0.9990915627432099, 0.0350447392036343;
 -0.8814992635281363, 0.03790233475992022, 0.4706617271662314;
 -0.4715624379547987, -0.01947979145364228, -0.8816174934942304]
图像[71.jpg]的平移向量: 
[68.18948690756307;
 -9.909076186227741;
 453.7927202395904]

图像[72.jpg]的旋转向量: 
[-1.826572914840018;
 2.00715741036263;
 0.3848693604211418]
图像[72.jpg]的旋转矩阵: 
[-0.06785238731181953, -0.9920678482987292, 0.1058179470034113;
 -0.8825615976924978, 0.1091458790651162, 0.4573534774783821;
 -0.465275273160473, -0.06235833107959996, -0.8829667936737]
图像[72.jpg]的平移向量: 
[82.93550407837373;
 4.80155419204068;
 465.2119437372374]

图像[73.jpg]的旋转向量: 
[-1.718578711304435;
 1.959002204984274;
 0.327328794808631]
图像[73.jpg]的旋转矩阵: 
[-0.06949632118619742, -0.9741528529726241, 0.2149336650850254;
 -0.8513601675003649, 0.1702156524114288, 0.4961980419831403;
 -0.5199578122649332, -0.1485020226106319, -0.8411842977286345]
图像[73.jpg]的平移向量: 
[87.54212232473458;
 -7.398793623181969;
 485.6716009855473]

图像[74.jpg]的旋转向量: 
[-1.628191681019687;
 1.963135600081105;
 0.2098694516068639]
图像[74.jpg]的旋转矩阵: 
[-0.09224796710805461, -0.9407703375965275, 0.3262537117994939;
 -0.8505414715388528, 0.2448160910375015, 0.4654506276305155;
 -0.5177543024997032, -0.2345554379408711, -0.8227479740330036]
图像[74.jpg]的平移向量: 
[76.93232774546863;
 -28.66041604506145;
 489.6082723689992]

图像[86.jpg]的旋转向量: 
[-1.883410273061178;
 1.9258063921905;
 0.5804400201805816]
图像[86.jpg]的旋转矩阵: 
[-0.02642256090986683, -0.999550188699187, -0.01418691461820566;
 -0.8409099469359523, 0.0145507104579321, 0.5409794247190401;
 -0.5405296563733932, 0.02622397941940382, -0.8409161631722107]
图像[86.jpg]的平移向量: 
[64.15505995829004;
 -88.33148476676898;
 531.5174206169324]

图像[88.jpg]的旋转向量: 
[-1.956955186480836;
 1.972651001204279;
 0.5671697140774093]
图像[88.jpg]的旋转矩阵: 
[-0.02339048246415609, -0.9979050854742083, -0.0603185354166287;
 -0.8775540218711996, -0.008408152476096165, 0.4794040484493438;
 -0.4789069053874417, 0.06414626533674275, -0.8755189504605666]
图像[88.jpg]的平移向量: 
[72.68325400575144;
 -73.59366712208826;
 527.5622063200027]

图像[96.jpg]的旋转向量: 
[-1.902498908713189;
 2.034702358198541;
 0.6253119427731307]
图像[96.jpg]的旋转矩阵: 
[-0.08914843716671439, -0.9924330691991602, -0.08443434911614536;
 -0.8685634414463425, 0.03596981289915491, 0.4942708981347025;
 -0.4874936967116786, 0.117400066950298, -0.8651977345939178]
图像[96.jpg]的平移向量: 
[125.3819003067793;
 -50.54523338627799;
 480.1513379041638]

图像[97.jpg]的旋转向量: 
[-1.264675614106473;
 2.490977367366227;
 0.4903875425713868]
图像[97.jpg]的旋转矩阵: 
[-0.5653412533899851, -0.8170362464291716, 0.1133183093607151;
 -0.7131166582663688, 0.5531657702590169, 0.4306649072269019;
 -0.4145526491514048, 0.1626634643510306, -0.8953695876267371]
图像[97.jpg]的平移向量: 
[149.0943050576096;
 -82.9441135833229;
 450.5598659488038]


